0	0
1	239161788332.351
2	339137477658.165
3	415787006366.353
4	480204282415.651
5	536587745619.026
6	587287930170.285
7	633666466064.547
8	676455608473.969
9	716450979398.414
10	754314575191.115
11	789988339216.725
12	823885887841.097
13	856174985836.11
14	886989619884.214
15	916440032517.622
16	944619443879.421
17	971373712075.663
18	997263384048.961
19	1022127198450.95
20	1046034740880.53
21	1068774678995.96
22	1090903566038.17
23	1112166318985.43
24	1132284234886.33
25	1151811624492.96
26	1170451234195.16
27	1187903377781.12
28	1204737764474.69
29	1220662702493.17
30	1235423056712.81
31	1249686264493.74
32	1262977975796.41
33	1276034449797.41
34	1288302052089.67
35	1300466300537.43
36	1312203325783.97
37	1323215093162.33
38	1334137551216.47
39	1344355578418.53
40	1354534464251.72
41	1364046185859.57
42	1373563848380.64
43	1382437949204.51
44	1391350928472.97
45	1399647186569.04
46	1408025677688.79
47	1415832466332.71
48	1423787001190.24
49	1431235051965.77
50	1438868232624.11
51	1445969530517.02
52	1453203125847.73
53	1459868900189.73
54	1466664908823.74
55	1472923630920.89
56	1479360845289.42
57	1485312998501.5
58	1491484684902.44
59	1497208907651.81
60	1503177881868.96
61	1508723403517.5
62	1514526024661.18
63	1519921872318.62
64	1525583306907.04
65	1530853627574.47
66	1536054076112.72
67	1541562518744.38
68	1546668768628.77
69	1552086548315.36
70	1557115059880.57
71	1562455208197.36
72	1567414584302.37
73	1572679462120.18
74	1577565804876.86
75	1582745882739.23
76	1587544528838.67
77	1592619792804.86
78	1597306503551.22
79	1602249133243.68
80	1606792332784
81	1611569064652.36
82	1615934140300.05
83	1620508556037.56
84	1624657927668.77
85	1628992400401.86
86	1632887963167.22
87	1636628545477.63
88	1640547680145.3
89	1643978019620.11
90	1647563713385
91	1650648048489.45
92	1653867109542.63
93	1656878235895.28
94	1659403556084.28
95	1661292377830.38
96	1653371059009.05
97	1644708844807.74
98	1635947868932.46
99	1625245464590.91
100	1617340143529.21
101	1608698015530.55
102	1598767641160.21
103	1594588556860.94
104	1583393201795.95
105	1578132552996.2
106	1565416833015.13
107	1559356501267.31
108	1553260522143.35
109	1538510702625.1
110	1531391680733.11
111	1524226617783.46
112	1516556248368.89
113	1508845893769.54
114	1500858450350.41
115	1492596047067.29
116	1483867567027.77
117	1475076282028.38
118	1466015381512.55
119	1456686919875.06
120	1457990129919.07
121	1448373573531.71
122	1438494668300.7
123	1428353225060.76
124	1417950566003.21
125	1419076283930.78
126	1408402774503.6
127	1397556683924.01
128	1386419093266.17
129	1387504381896.94
130	1375993033881.15
131	1364212251659.09
132	1365056530899.27
133	1353023107375.14
134	1340733523786.83
135	1341506847157.8
136	1328976961854.63
137	1316195964412.09
138	1316924589001.3
139	1303917363877.4
140	1304600023248.26
141	1291376442858.52
142	1277911220430.19
143	1278592428958.98
144	1264920269748.3
145	1265579253533.25
146	1251703771920.65
147	1252345475415.81
148	1238268992832.8
149	1223953772530.89
150	1224619456513.88
151	1210103398989.63
152	1210758679492.26
153	1196044404370.31
154	1196691755910.68
155	1181781096506.19
156	1182425172909.89
157	1167319413921.61
158	1167964741002.05
159	1152667175001.11
160	1153316798780.01
161	1153930832029.25
162	1138490039666.72
163	1139116611846.67
164	1123493561949.89
165	1124135638218.47
166	1108333905090.9
167	1108996255280.69
168	1093018229665.88
169	1093704209055.53
170	1077554436512.51
171	1078265040669.59
172	1078956476238.68
173	1062685681758.43
174	1063406531965.33
175	1046971350370.25
176	1047722720563.72
177	1048459913228.69
178	1031909743497.76
179	1032680384505.33
180	1015970345353.49
181	1016776146711.9
182	1017570478344.93
183	1000749492807.09
184	1001580848470.65
185	984605128336.974
186	985472080147.986
187	986332125264.735
188	969248560740.157
189	970145188693.182
190	952914996672.122
191	953845914075.862
192	954774143132.928
193	937438899598.422
194	938401509152.599
195	939362622416.497
196	921922986042.813
197	922918132478.652
198	923912865460.297
199	906369453098.974
200	907397777760.952
201	889720684417.952
202	890781164341.916
203	891843829668.269
204	874068487554.783
205	875163078616.474
206	876261791629.525
207	858391590438.252
208	859522265838.56
209	860659213912.678
210	842698610302.128
211	843867798006.268
212	845045656653.616
213	827000105534.616
214	828210641364.399
215	829432310780.184
216	811307962526.022
217	812562500211.287
218	813830561973.733
219	795633776051.623
220	796934539158.176
221	798251122167.299
222	779988479798.458
223	781337267134.832
224	782704063113.049
225	784088341924.271
226	765780606124.239
227	767198890823.295
228	768636810089.958
229	750273930187.233
230	751744568299.133
231	753236786889.954
232	734825707690.215
233	736348823424.353
234	737895140717.186
235	719442723345.91
236	721017507035.832
237	722616871599.382
238	724240279782.299
239	705754549415.925
240	707405098548.244
241	709080823157.458
242	690562151548.597
243	692261228793.035
244	693986419114.469
245	675441103193.535
246	677185733483.703
247	678957478392.083
248	680756074709.758
249	662180643014.31
250	663996798679.751
251	665841174183.521
252	647250740833.993
253	649109813351.487
254	650998666550.957
255	652917666210.112
256	634304418849.72
257	636237074376.463
258	638201651086.266
259	619590906946.392
260	621567100875.689
261	623577169800.076
262	625621293560.055
263	607000688256.745
264	609055989664.462
265	611147243091.383
266	592549909602.292
267	594650055079.535
268	596788019692.833
269	598963742011.356
270	580371431450.621
271	582555538343.254
272	584779331291.647
273	587042503826.229
274	568461803021.506
275	570732637210.87
276	573044264759.427
277	554516680188.94
278	556831755388.888
279	559188213612.594
280	561585800944.971
281	543078485892.113
282	545474001963.196
283	547910364215.764
284	550386684385.452
285	531895312469.175
286	534361961031.195
287	536867302750.143
288	518440227296.582
289	520927016937.886
290	523451110344.94
291	526011881772.459
292	507592148887.924
293	510127036892.704
294	512698748672.782
295	515306843956.894
296	496893144117.967
297	499471809617.662
298	502088144251.486
299	504742441944.922
300	486341107686.916
301	488965537496.032
302	491630179737.908
303	473323519791.497
304	475956589477.162
305	478631622856.736
306	481348658478.208
307	463076806892.237
308	465761365839.895
309	468489445068.508
310	471260863078.114
311	453030884399.814
312	455767740131.9
313	458548883046.674
314	461374186500.154
315	443191552752.112
316	445979645836.578
317	448812867711.166
318	430768631876.947
319	433561200956.188
320	436399952183.391
321	439284727370.011
322	421302375082.398
323	424144534112.897
324	427033830955.125
325	429970051620.9
326	412055495881.805
327	414946788742.836
328	417885764296.531
329	420872189255.409
330	403030090463.1
331	405968586127.814
332	408954944005.138
333	411988804953.613
334	394222173679.567
335	397204190898.396
336	400233584113.356
337	382646735030.926
338	385618936783.668
339	388637976561.09
340	391703366069.991
341	374195418079.422
342	377199366985.019
343	380250519882.254
344	383349112929.514
345	365925777770.711
346	368964152148.478
347	372052508170.028
348	375191123847.228
349	357865850793.423
350	360946357789.811
351	364078694380.095
352	346972426333.251
353	350045024114.174
354	353170069911.942
355	356347193921.572
356	339354591955.608
357	342468893041.496
358	345634750884.206
359	348851493076.443
360	331971507862.25
361	335120666259.059
362	338320067917.88
363	321672132787.882
364	324799659151.285
365	327976855849.35
366	331203172807.036
367	314667265783.505
368	317817968908.689
369	321017360034.153
370	324264918809.48
371	307840302404.223
372	311009109925.126
373	314225785136.983
374	298041518246.326
375	301176634909.784
376	304359351401.398
377	307589184514.178
378	291518541216.125
379	294664404808.497
380	297857014067.37
381	282032811864.434
382	285138907437.178
383	288291236990.294
384	291489236029.061
385	275779848845.112
386	278888781719.584
387	282042717621.32
388	266583210401.383
389	269645541770.288
390	272752049440.684
391	257543930671.023
392	260556333082.114
393	263611914840.683
394	266709967492.214
395	251614847087.445
396	254615831406.336
397	257658079427.829
398	242813601116.952
399	245756126646.98
400	248738550444.584
401	234144114796.23
402	237024267706.471
403	239942843144.61
404	225597398433.284
405	228411267079.128
406	231261958940.752
407	217164068005.357
408	219907702902.616
409	222686426444.95
410	208834333291.348
411	211503734699.547
412	214206379822.206
413	200598176329.262
414	203189376871.095
415	205811886552.08
416	192445673181.821
417	194954766615.44
418	197493144384.576
419	184367155540.931
420	186790303329.127
421	189240614247.573
422	176353331721.111
423	178686713861.917
424	166179042617.266
425	168395175657.14
426	170634895689.935
427	158362905999.23
428	160483875120.606
429	162625957604.872
430	150589097592.087
431	152611007466.231
432	140947885478.154
433	142849843652.123
434	144768769598.703
435	133340378987.157
436	135138217312.723
437	124081051000.989
438	125758463298.087
439	115071006553.868
440	116628919883.294
441	106310288829.518
442	107749905492.557
443	97800029780.0433
444	99122857584.9323
445	89542691201.9169
446	90750600865.9041
447	81542321934.2334
448	82637580125.2394
449	73804768557.6738
450	74790068366.9535
451	66337880001.6476
452	58377765566.6555
453	59151709762.5993
454	51582661945.3724
455	44508552375.493
456	37929933509.5851
457	38425346036.3018
458	32263310918.1323
459	26608757637.494
460	21466935932.4747
461	12591280954.1327
462	9082006913.26302
463	1828861741.97015
464	0
465	0
466	0
467	0
468	0
469	0
470	0
471	0
472	0
473	0
474	0
475	0
476	0
477	0
478	0
479	0
480	0
481	0
482	0
483	0
484	0
485	0
486	0
487	0
488	0
489	0
490	0
491	0
492	0
493	0
494	0
495	0
496	0
497	0
498	0
499	0
500	0
