1.2428909790391696 0.026795859760682
1.3069463269487913 1.026795859760682
1.3710016748584126 1.026795859760682
1.4350570227680344 1.026795859760682
1.4991123706776557 1.026795859760682
1.5340516513556313 1.026795859760682
1.6912784144065205 7.001632130239955
1.7553337623161418 14.550750986509229
1.8106542900562694 31.43141954011128
1.860151604350068 42.104369104761645
1.9183837388133604 57.80840030576621
1.9824390867229817 66.07648286263259
2.0464944346326037 74.2247381360661
2.1105497825422246 76.26180195442441
2.169613804640707 85.8736619040734
2.2153676245761513 105.7393136789043
2.2677765455931143 115.86471912897969
2.331831893502736 109.27421854017314
2.395887241412357 109.03456397330751
2.4599425893219786 109.03456397330751
2.5239979372316004 107.77637749726262
2.588053285141222 99.80786314897841
2.6462854196045145 88.75046771664756
2.692871127175148 74.76396091151389
2.745280048192111 57.80840030576621
2.8093353961017327 53.9739272359152
2.8733907440113544 56.96960932173636
2.9374460919209753 54.87263186166149
3.001501439830597 48.461872198004244
3.042263933954902 41.81145796748149
3.13543534909617 36.718798421585575
3.199490697005791 31.805879800838852
3.2635460449154126 26.773133896659488
3.3276013928250343 29.229593207032735
3.391656740734655 35.58043922897343
3.455712088644277 41.81145796748149
3.5197674365538987 51.936863417556765
3.577999571017191 68.31991589134748
3.6478781323731413 88.12470301427607
3.711933480282763 92.49839885957499
3.775988828192385 107.53672293039699
3.8400441761020065 117.54230109703963
3.9040995240116274 128.08710203912995
3.9726840379350614 138.47213326997655
4.032210219830871 140.4892258744294
4.096265567740493 148.098258372415
4.1603209156501135 145.64179906204163
4.219847097545923 134.88397183829295
4.288431611469357 123.89314711898032
4.352486959378979 113.76774166890493
4.4196778837597 111.82285268395651
4.480597655198221 105.43974547032212
4.544653003107843 95.31434002024685
4.597061924124806 80.036361382559
4.649470845141769 68.77259673987169
4.713526193051391 71.46871061711056
4.7775815409610125 72.12776067599123
4.841636888870633 65.71700101233398
4.905692236780255 70.92948784166288
4.969747584689877 73.92516992748392
5.033802932599499 69.97086957420004
5.077477033446968 61.58295973390091
5.109504707401778 47.323513005392215
5.1735600553114 60.5045141830052
5.237615403221022 65.77691465405042
5.295847537684314 57.92157051789718
5.3540796721476065 51.2778133586761
5.418135020057227 52.296345267855486
5.482190367966849 44.62739912815334
5.546245715876471 44.088176352705545
5.609654040069834 41.66500239884135
5.6743564116957135 38.456294031361836
5.738411759605335 35.22095737867494
5.802467107514957 35.58043922897343
5.866522455424579 42.650248951511344
5.9305778033342 44.44765820300404
5.994633151243821 43.72869450240705
6.058688499153443 35.820093795839284
6.122743847063065 35.22095737867494
6.186799194972686 35.22095737867494
6.248913471733531 33.60994612363345
6.314909890791929 29.70890234076421
6.378965238701551 28.211061297853462
6.432829963080096 31.596182054831388
6.507075934520794 27.85157944755497
6.571131282430415 26.653306613226505
6.635186630340037 24.79598372001749
6.699241978249658 26.233911121211577
6.76329732615928 21.08133793359923
6.8273526740689015 17.42660578889752
6.878596952396598 21.249096130405178
6.99040265056612 26.653306613226505
7.083574065707388 34.50199367807795
7.147629413617009 27.492097597256475
7.188391907741313 23.358056318823287
7.351441884238532 18.92444683180804
7.415497232148154 17.42660578889752
7.479552580057775 20.00289238270375
7.543607927967396 26.653306613226505
7.590193635538031 29.948556907629836
7.689188264125627 34.50199367807795
7.7532436120352495 35.22095737867494
7.81729895994487 35.22095737867494
7.875531094408163 35.22095737867494
