1.0390785084176466 0.026795859760682
1.1031338563272681 0.026795859760682
1.16552542896651 0.38545426641212543
1.225421338700182 2.2684544346425355
1.5806373589262652 10.955932483523839
1.6359578866663929 23.193293804103178
1.6796319875138621 38.045457631020554
1.7116596614686725 56.31055926285569
1.7378641219771545 68.56889035803567
1.7669801892088002 90.1857322893211
1.778626616101459 107.32103382021796
1.7873614362709527 121.55651509203983
1.799007863163611 142.64611697622058
1.8106542900562694 170.32621944920777
1.831035537118422 194.05202156891107
1.8514167841805744 211.18732309980794
1.8659748177963975 225.68642439518214
1.906737311920702 246.11697622048223
1.9533230194913356 232.4087349957648
1.973704266553488 216.45972357085316
1.973704266553488 195.69964671611274
1.9940855136156406 173.22603970828266
2.023201580847287 142.51430696444436
2.049406041355768 126.49939053364471
2.0814337153105784 111.20001416677246
2.130931029604377 92.82193252484365
2.1920747707908346 81.95359791748456
2.26486493886995 73.973100840857
2.3227735614751124 58.28770943949769
2.3784176010733695 54.61585911144823
2.4643099994067255 64.71344751358401
2.506528296892613 74.23672086440934
2.588053285141222 100.68659656081923
2.6462854196045145 109.03456397330751
2.706458625216583 107.1672554731457
2.7677410143422385 99.61956313215546
2.8908603843503418 77.93938392248424
2.9503865662461513 65.83017122446495
2.989855012937939 60.264859616139574
3.176197843220474 62.42175071793076
3.240253191130096 62.90105985166224
3.3043085390397167 62.90105985166224
3.3683638869493384 64.998037311737
3.43241923485896 66.19631014606546
3.4919454167547697 66.56244906766585
3.5702352864220845 74.43443588207356
3.6245852785878245 78.52996124797471
3.6886406264974463 84.64971179472354
3.752695974407068 84.64971179472354
3.816751322316689 84.64971179472354
3.8808066702263107 87.58548023882827
3.927392377796945 105.21207363179985
3.9477736248590967 151.87281780054968
3.9477736248590967 137.37371650517537
3.9477736248590967 123.53366526868183
3.9623316584749197 171.6443195669691
3.976889692090743 253.36652686816944
3.976889692090743 238.86742557279513
3.976889692090743 224.36832427742092
3.976889692090743 209.8692229820466
3.976889692090743 190.75677127450786
4.014740579491883 307.4086316963825
3.9885361189834017 281.37615437059696
4.01910798957663 324.54393322727935
4.023475399661377 340.3611346404149
4.058414680339352 292.9095304010083
4.058414680339352 273.4675536640292
4.078795927401504 252.31204677396033
4.105000387909986 234.25407516063058
4.142851275311126 220.19434057117678
4.2010834097744185 207.59250459682255
4.250580724068217 217.6679820121343
4.288431611469357 233.7833251185731
4.34084053248632 248.25888891184434
4.445658374520246 259.53763196496095
4.486420868644551 261.9341776336179
4.649470845141769 255.40359068652776
4.713526193051391 250.31093114063185
4.7775815409610125 254.14540421048287
4.835813675424305 266.5475280457823
4.873664562825445 283.0237795177985
4.899869023333926 300.55451108402383
4.94645473090456 319.3314463979507
4.993040438475194 326.9165134392497
5.027979719153169 343.09148488434903
5.080388640170132 350.84602194078883
5.13570916791026 333.60587153688823
5.191029695650387 329.75642005660814
5.255085043560009 339.94173914839996
5.316228784746466 336.6045493047952
5.410856003249316 317.9534326384729
5.467632334351026 317.29438257959225
5.5404225024301414 324.1245377352644
5.604477850339763 321.9077329917568
5.668533198249384 324.00471045183156
5.722106761955613 334.4296841104891
5.793732287345463 338.2521744519968
5.828671568023438 315.9762824618309
5.840317994916097 300.1590810486954
5.860699241978249 282.10110943536563
5.901461736102553 262.0806332022579
5.9531427554387255 250.64794537528678
6.018896540603527 242.49220089663868
6.0645117125997725 226.93129672862347
6.116920633616735 213.89675111965062
6.175152768080028 199.5041629651056
6.230473295820155 187.46152098010464
6.318145009373223 174.35374758681166
6.378965238701551 157.74435468875913
6.440836881568798 153.52044294775123
6.512899147967123 144.73310882934265
6.582777709323073 138.39224841435453
6.646833057232695 128.98580666487624
6.710888405142317 119.51945127368151
6.7749437530519385 117.66212838047227
6.838999100961559 111.67076420883018
6.903054448871181 117.06299196330815
6.956433905462533 117.16284803283543
7.022430324520931 110.79203079698925
7.097161563748822 104.20153020818282
7.154746674495856 102.73697452178124
7.223331188419289 98.60959031465006
7.287386536328911 88.30444393942525
7.351441884238532 85.84798462905201
7.409674018701824 92.69012251306754
7.491199006950434 106.03888188748647
7.555254354860055 112.86903704315853
7.6193097027696775 119.87893312398
7.689188264125627 125.29113209236357
7.747420398588919 127.48796562196571
7.811475746498542 127.48796562196571
7.8726194876849975 127.48796562196571
