3.024794293615914 -1.026795859760682
3.0888496415255355 -1.026795859760682
3.1529049894351573 -1.026795859760682
3.216960337344779 -1.026795859760682
3.2810156852544 -1.026795859760682
3.3450710331640217 -1.026795859760682
3.4091263810736434 -1.026795859760682
3.4731817289832643 -1.026795859760682
3.537237076892886 -1.026795859760682
3.6012924248025078 -1.026795859760682
3.6537013458194707 0.38545426641212543
3.781165017922455 8.858955023449084
3.8371325693788414 19.733280994979737
3.88662988367264 33.90285726091372
3.941950411412768 50.1813937152657
3.9734395750332006 59.318637274549246
4.001770694997786 65.7314629258517
4.037184594953518 72.14428857715438
4.0725984949092515 80.16032064128262
4.13634351482957 80.16032064128262
4.193005754758743 81.7635270541083
4.235502434705621 81.7635270541083
4.292164674634794 78.55711422845695
4.362992474546259 70.5410821643286
4.426737494466578 61.723446893787695
4.48339973439575 62.52505010020036
4.543603364320496 59.318637274549246
4.60380699424524 58.517034068136354
4.6958831341301455 53.70741482965934
4.773793714032758 54.509018036072234
4.87574428191342 60.264859616139574
4.97211155378486 51.30260521042089
5.057095786384815 44.63595821982699
5.191029695650387 43.968349069272676
5.252173436836845 45.43623329132504
5.365726099040264 44.44765820300404
5.4210466267803925 44.44765820300404
5.619035883955586 44.44765820300404
5.87380147223249 34.23238229035405
6.002397435838927 27.75172337802769
6.0645117125997725 26.653306613226505
