1.7203944816381667 70.15061049934934
1.7728034026551296 127.48796562196571
1.7873614362709527 154.50901803607223
1.799007863163611 182.18912050905942
1.8106542900562694 205.25587256988206
1.831035537118422 231.74968493688414
1.8514167841805744 253.36652686816944
1.8659748177963975 267.86562816354365
1.906737311920702 295.71049315125106
1.9533230194913356 294.2276305187696
1.973704266553488 281.04662934115663
1.973704266553488 267.206578104663
1.9940855136156406 244.40344606739257
2.023201580847287 216.59153358262927
2.0581408615252617 199.7951720820139
2.1138773330829848 176.4459699959566
2.224102444745645 185.0230357622462
2.291069399378431 182.40880386201957
2.331831893502736 169.00811933144644
2.4191800951976745 167.03096915480455
2.4745006229378017 171.31479453752877
2.5265860320966356 189.51189894106665
2.5822300716948927 200.64252215771762
2.666990178524796 191.78196025498892
2.7161639809604647 174.28051980249165
2.7685729019774277 154.68875896122154
2.8326282498870494 144.98274900316108
2.8999187163779654 134.73751626965282
2.9549157322599635 117.60221473875595
3.024794293615914 104.1216453525609
3.0888496415255355 99.80786314897841
3.138346955819334 99.80786314897841
3.269369258361742 90.58116232464943
3.331968802909781 93.4645063322522
3.3858335272883266 101.12596326673975
3.5547067172318743 134.07846621077215
3.5954692113561784 149.3307675734385
3.6362317054804834 166.3719190959239
3.6886406264974463 176.5572381877157
3.73522633406808 185.35256079168653
3.7701656147460554 199.7951720820139
3.8109281088703604 214.57672340262263
3.8516906029946645 232.08862496716563
3.8924530971189695 250.1654265821777
3.9157459509042862 273.13802863458886
3.9361271979664387 290.9323802243663
3.9477736248590967 344.97448505257944
3.9477736248590967 315.31723240295025
3.9623316584749197 370.67743734892474
3.976889692090743 455.03584488564763
3.976889692090743 440.5367435902734
3.976889692090743 426.0376422948991
3.976889692090743 411.53854099952486
3.976889692090743 391.76703923310544
3.9885361189834017 503.8055492428156
3.9885361189834017 489.3064479474413
3.9885361189834017 475.4663967109477
4.022019596299795 525.1422948990765
4.023475399661377 543.3485527756545
4.058414680339352 501.16934900729296
4.078795927401504 479.0252670289032
4.119558421525809 459.35628416053186
4.157409308926949 447.78629423796053
4.198171803051254 429.8601326364069
4.270961971130369 435.9233931781089
4.3350173190399905 435.9233931781089
4.399072666949612 438.31993884676575
4.474127418035634 448.44534429684114
4.538829789661514 439.9975208148256
4.588327103955312 425.15890888305825
4.632001204802782 412.49050219568585
4.72517261994405 410.2204408817636
4.771758327514683 424.5312421603148
4.812520821638988 442.60804377532685
4.859106529209622 456.8665394936495
4.888222596441268 495.23789847736714
4.879487776271774 474.80734665206705
4.926073483842408 509.0779497138608
5.0046868653678525 521.1291507905355
5.057095786384815 537.1774476788629
5.118239527571272 524.8951511269963
5.1735600553114 533.0673718571163
5.199764515819881 549.2800033055803
5.237615403221022 568.392455013119
5.295200513968055 576.9601057785675
5.3540796721476065 577.6191558374481
5.435604660396216 588.4635249881205
5.4996600083058365 596.0725574861062
5.557892142769129 612.5488089581224
5.639417131017739 622.3746461996158
5.69764926548103 637.1533444896667
5.744234973051665 650.1146623143194
5.819936747853944 649.9828523025433
5.834494781469767 633.6384108423032
5.860699241978249 618.2166394644961
5.907284949548883 603.3221081337933
5.971340297458505 601.3449579571515
6.032484038644961 594.8203623742331
6.093627779831419 586.1868066028966
6.1576831277410395 586.1868066028966
6.221738475650661 586.1868066028966
6.285793823560283 586.1868066028966
6.349849171469905 579.3566514472244
6.413904519379526 579.0570832386422
6.477959867289147 582.8915563084934
6.542015215198769 585.5876701857323
6.606070563108391 586.1868066028966
6.661391090848518 583.7153688820941
6.905642543736216 593.2166738976234
6.993637769147415 605.8118528006759
7.071927638814729 616.6914093282294
7.1359829867243505 616.4431956696899
7.197126727910807 613.8669090758838
7.264093682543594 608.4846669283585
7.333972243899544 604.8798628184204
7.392204378362837 613.6472257229236
7.479552580057775 642.2060616077516
7.5232266809052435 658.4626297268076
7.644058359916577 680.8428713096296
7.709985455005376 690.1284158892158
7.788182892713224 695.0498936016363
7.845687125495725 692.6233911121212
7.8871775213008215 690.3167159060389
